1.457E+01  3.071E-03  3.251E-03  2.569E-03  2.080E-03  2.327E-03
1.597E+01  9.966E-03  1.052E-02  8.415E-03  6.903E-03  7.665E-03
1.726E+01  1.777E-02  1.873E-02  1.506E-02  1.242E-02  1.376E-02
1.903E+01  3.110E-02  3.274E-02  2.648E-02  2.195E-02  2.426E-02
2.066E+01  4.633E-02  4.874E-02  3.958E-02  3.295E-02  3.635E-02
2.312E+01  7.577E-02  7.959E-02  6.502E-02  5.442E-02  5.991E-02
2.536E+01  1.101E-01  1.155E-01  9.480E-02  7.968E-02  8.758E-02
2.742E+01  1.490E-01  1.562E-01  1.288E-01  1.086E-01  1.192E-01
2.935E+01  1.925E-01  2.017E-01  1.668E-01  1.411E-01  1.546E-01
3.116E+01  2.403E-01  2.516E-01  2.087E-01  1.770E-01  1.937E-01
3.289E+01  2.924E-01  3.060E-01  2.544E-01  2.162E-01  2.365E-01
3.453E+01  3.486E-01  3.646E-01  3.038E-01  2.588E-01  2.827E-01
3.611E+01  4.088E-01  4.274E-01  3.569E-01  3.045E-01  3.323E-01
3.909E+01  5.410E-01  5.650E-01  4.735E-01  4.052E-01  4.416E-01
4.189E+01  6.881E-01  7.182E-01  6.036E-01  5.178E-01  5.636E-01
4.453E+01  8.496E-01  8.863E-01  7.467E-01  6.419E-01  6.978E-01
4.704E+01  1.025E+00  1.069E+00  9.023E-01  7.771E-01  8.438E-01
5.177E+01  1.415E+00  1.474E+00  1.249E+00  1.079E+00  1.169E+00
5.616E+01  1.854E+00  1.930E+00  1.640E+00  1.420E+00  1.537E+00
6.230E+01  2.599E+00  2.703E+00  2.304E+00  2.001E+00  2.161E+00
6.802E+01  3.437E+00  3.573E+00  3.053E+00  2.658E+00  2.866E+00
7.686E+01  5.021E+00  5.216E+00  4.471E+00  3.904E+00  4.200E+00
8.509E+01  6.812E+00  7.071E+00  6.075E+00  5.317E+00  5.710E+00
9.285E+01  8.781E+00  9.111E+00  7.841E+00  6.876E+00  7.373E+00
1.003E+02  1.091E+01  1.131E+01  9.750E+00  8.564E+00  9.170E+00
1.074E+02  1.317E+01  1.366E+01  1.178E+01  1.037E+01  1.108E+01
1.143E+02  1.556E+01  1.612E+01  1.393E+01  1.227E+01  1.310E+01
1.210E+02  1.805E+01  1.871E+01  1.617E+01  1.426E+01  1.521E+01
1.276E+02  2.065E+01  2.139E+01  1.850E+01  1.634E+01  1.740E+01
1.403E+02  2.608E+01  2.701E+01  2.338E+01  2.070E+01  2.200E+01
1.527E+02  3.178E+01  3.291E+01  2.851E+01  2.529E+01  2.682E+01
1.647E+02  3.771E+01  3.905E+01  3.385E+01  3.008E+01  3.184E+01
1.764E+02  4.382E+01  4.537E+01  3.934E+01  3.502E+01  3.701E+01
1.994E+02  5.646E+01  5.845E+01  5.070E+01  4.528E+01  4.771E+01
2.218E+02  6.950E+01  7.195E+01  6.241E+01  5.591E+01  5.878E+01
2.546E+02  8.954E+01  9.269E+01  8.041E+01  7.231E+01  7.580E+01
2.868E+02  1.099E+02  1.138E+02  9.871E+01  8.905E+01  9.315E+01
3.396E+02  1.443E+02  1.493E+02  1.296E+02  1.174E+02  1.224E+02
4.432E+02  2.131E+02  2.205E+02  1.914E+02  1.745E+02  1.812E+02
4.945E+02  2.472E+02  2.558E+02  2.222E+02  2.030E+02  2.105E+02
5.455E+02  2.812E+02  2.909E+02  2.527E+02  2.315E+02  2.397E+02
5.964E+02  3.149E+02  3.258E+02  2.831E+02  2.598E+02  2.686E+02
6.471E+02  3.484E+02  3.604E+02  3.133E+02  2.879E+02  2.975E+02
6.977E+02  3.817E+02  3.947E+02  3.434E+02  3.159E+02  3.261E+02
7.987E+02  4.475E+02  4.627E+02  4.028E+02  3.715E+02  3.829E+02
8.995E+02  5.124E+02  5.298E+02  4.616E+02  4.266E+02  4.391E+02
1.000E+03  5.767E+02  5.961E+02  5.197E+02  4.812E+02  4.946E+02
1.101E+03  6.402E+02  6.617E+02  5.773E+02  5.353E+02  5.497E+02
1.301E+03  7.654E+02  7.909E+02  6.910E+02  6.422E+02  6.585E+02
1.502E+03  8.885E+02  9.179E+02  8.029E+02  7.478E+02  7.657E+02
1.803E+03  1.070E+03  1.105E+03  9.682E+02  9.038E+02  9.239E+02
2.103E+03  1.248E+03  1.289E+03  1.131E+03  1.058E+03  1.080E+03
2.604E+03  1.539E+03  1.588E+03  1.397E+03  1.310E+03  1.335E+03
3.104E+03  1.825E+03  1.882E+03  1.659E+03  1.558E+03  1.586E+03
3.604E+03  2.106E+03  2.171E+03  1.917E+03  1.803E+03  1.834E+03
4.104E+03  2.383E+03  2.457E+03  2.172E+03  2.046E+03  2.078E+03
4.604E+03  2.657E+03  2.738E+03  2.425E+03  2.286E+03  2.320E+03
5.105E+03  2.928E+03  3.017E+03  2.675E+03  2.524E+03  2.560E+03
5.605E+03  3.196E+03  3.293E+03  2.923E+03  2.760E+03  2.798E+03
6.105E+03  3.462E+03  3.566E+03  3.169E+03  2.995E+03  3.035E+03
7.105E+03  3.989E+03  4.107E+03  3.657E+03  3.461E+03  3.503E+03
8.105E+03  4.509E+03  4.641E+03  4.140E+03  3.922E+03  3.967E+03
9.105E+03  5.023E+03  5.168E+03  4.618E+03  4.379E+03  4.426E+03
1.011E+04  5.532E+03  5.690E+03  5.092E+03  4.832E+03  4.881E+03
1.211E+04  6.536E+03  6.718E+03  6.030E+03  5.731E+03  5.783E+03
1.411E+04  7.524E+03  7.731E+03  6.956E+03  6.619E+03  6.673E+03
1.711E+04  8.982E+03  9.222E+03  8.327E+03  7.936E+03  7.991E+03
2.011E+04  1.041E+04  1.069E+04  9.678E+03  9.237E+03  9.291E+03
2.511E+04  1.275E+04  1.307E+04  1.190E+04  1.138E+04  1.143E+04
3.011E+04  1.504E+04  1.540E+04  1.408E+04  1.349E+04  1.353E+04
3.511E+04  1.727E+04  1.768E+04  1.622E+04  1.557E+04  1.560E+04
4.011E+04  1.946E+04  1.991E+04  1.834E+04  1.764E+04  1.764E+04
4.511E+04  2.162E+04  2.210E+04  2.043E+04  1.968E+04  1.966E+04
5.011E+04  2.373E+04  2.424E+04  2.250E+04  2.170E+04  2.166E+04
5.511E+04  2.581E+04  2.635E+04  2.454E+04  2.371E+04  2.364E+04
6.011E+04  2.786E+04  2.842E+04  2.656E+04  2.570E+04  2.559E+04
7.011E+04  3.185E+04  3.245E+04  3.053E+04  2.963E+04  2.945E+04
8.011E+04  3.572E+04  3.636E+04  3.442E+04  3.351E+04  3.324E+04
9.011E+04  3.949E+04  4.014E+04  3.824E+04  3.734E+04  3.696E+04
1.001E+05  4.314E+04  4.381E+04  4.199E+04  4.112E+04  4.062E+04
1.201E+05  5.016E+04  5.084E+04  4.928E+04  4.853E+04  4.776E+04
1.401E+05  5.683E+04  5.750E+04  5.634E+04  5.577E+04  5.468E+04
1.701E+05  6.624E+04  6.685E+04  6.649E+04  6.635E+04  6.469E+04
2.001E+05  7.501E+04  7.553E+04  7.618E+04  7.659E+04  7.429E+04
2.501E+05  8.845E+04  8.877E+04  9.143E+04  9.300E+04  8.947E+04
3.001E+05  1.006E+05  1.007E+05  1.057E+05  1.087E+05  1.038E+05
4.001E+05  1.118E+05  1.116E+05  1.316E+05  1.381E+05  1.300E+05
4.501E+05  1.221E+05  1.216E+05  1.435E+05  1.519E+05  1.421E+05
5.001E+05  1.316E+05  1.308E+05  1.548E+05  1.652E+05  1.536E+05
5.501E+05  1.405E+05  1.394E+05  1.655E+05  1.780E+05  1.646E+05
6.001E+05  1.487E+05  1.474E+05  1.757E+05  1.904E+05  1.751E+05
9.001E+05  1.836E+05  1.809E+05  2.122E+05  2.566E+05  2.130E+05
1.000E+06  1.953E+05  1.920E+05  2.283E+05  2.762E+05  2.299E+05
1.200E+06  2.249E+05  2.201E+05  2.705E+05  3.124E+05  2.743E+05
1.400E+06  2.414E+05  2.357E+05  2.945E+05  3.452E+05  2.999E+05
1.700E+06  2.626E+05  2.558E+05  3.261E+05  3.893E+05  3.337E+05
2.000E+06  2.807E+05  2.729E+05  3.535E+05  4.284E+05  3.632E+05
2.500E+06  3.061E+05  2.968E+05  3.925E+05  4.852E+05  4.053E+05
3.000E+06  3.271E+05  3.165E+05  4.254E+05  5.340E+05  4.409E+05
3.500E+06  3.451E+05  3.334E+05  4.537E+05  5.768E+05  4.718E+05
4.000E+06  3.607E+05  3.480E+05  4.786E+05  6.148E+05  4.991E+05
4.500E+06  3.746E+05  3.610E+05  5.009E+05  6.491E+05  5.234E+05
5.000E+06  3.871E+05  3.727E+05  5.209E+05  6.802E+05  5.454E+05
5.500E+06  3.984E+05  3.833E+05  5.392E+05  7.087E+05  5.654E+05
6.000E+06  4.087E+05  3.930E+05  5.560E+05  7.350E+05  5.839E+05
7.000E+06  4.271E+05  4.102E+05  5.859E+05  7.823E+05  6.168E+05
8.000E+06  4.431E+05  4.251E+05  6.120E+05  8.238E+05  6.456E+05
9.000E+06  4.572E+05  4.382E+05  6.351E+05  8.607E+05  6.711E+05
1.000E+07  4.698E+05  4.500E+05  6.559E+05  8.940E+05  6.941E+05
1.200E+07  4.917E+05  4.705E+05  6.919E+05  9.521E+05  7.340E+05
1.400E+07  5.103E+05  4.878E+05  7.226E+05  1.002E+06  7.679E+05
1.700E+07  5.336E+05  5.096E+05  7.613E+05  1.065E+06  8.107E+05
2.000E+07  5.532E+05  5.278E+05  7.937E+05  1.117E+06  8.467E+05
2.500E+07  5.800E+05  5.528E+05  8.383E+05  1.190E+06  8.962E+05
3.000E+07  6.020E+05  5.733E+05  8.749E+05  1.250E+06  9.368E+05
3.500E+07  6.205E+05  5.906E+05  9.057E+05  1.301E+06  9.710E+05
4.000E+07  6.366E+05  6.055E+05  9.325E+05  1.344E+06  1.001E+06
4.500E+07  6.507E+05  6.187E+05  9.561E+05  1.383E+06  1.027E+06
5.000E+07  6.634E+05  6.305E+05  9.772E+05  1.418E+06  1.050E+06
5.500E+07  6.748E+05  6.412E+05  9.962E+05  1.449E+06  1.072E+06
6.000E+07  6.852E+05  6.509E+05  1.014E+06  1.478E+06  1.091E+06
7.000E+07  7.037E+05  6.681E+05  1.044E+06  1.528E+06  1.125E+06
8.000E+07  7.197E+05  6.831E+05  1.071E+06  1.572E+06  1.155E+06
9.000E+07  7.338E+05  6.962E+05  1.095E+06  1.610E+06  1.181E+06
1.000E+08  7.464E+05  7.080E+05  1.116E+06  1.645E+06  1.204E+06
1.200E+08  7.682E+05  7.283E+05  1.152E+06  1.704E+06  1.245E+06
1.400E+08  7.867E+05  7.455E+05  1.183E+06  1.755E+06  1.279E+06
1.700E+08  8.099E+05  7.672E+05  1.221E+06  1.819E+06  1.322E+06
2.000E+08  8.294E+05  7.853E+05  1.254E+06  1.872E+06  1.358E+06
2.500E+08  8.561E+05  8.102E+05  1.299E+06  1.945E+06  1.407E+06
3.000E+08  8.780E+05  8.306E+05  1.335E+06  2.005E+06  1.448E+06
3.500E+08  8.965E+05  8.478E+05  1.366E+06  2.056E+06  1.482E+06
4.000E+08  9.125E+05  8.627E+05  1.393E+06  2.100E+06  1.512E+06
4.500E+08  9.266E+05  8.759E+05  1.416E+06  2.139E+06  1.538E+06
5.000E+08  9.392E+05  8.877E+05  1.437E+06  2.173E+06  1.562E+06
5.500E+08  9.507E+05  8.983E+05  1.456E+06  2.205E+06  1.583E+06
6.000E+08  9.611E+05  9.081E+05  1.474E+06  2.233E+06  1.602E+06
7.000E+08  9.796E+05  9.253E+05  1.505E+06  2.284E+06  1.636E+06
8.000E+08  9.956E+05  9.402E+05  1.531E+06  2.328E+06  1.666E+06
9.000E+08  1.010E+06  9.534E+05  1.555E+06  2.367E+06  1.692E+06
1.000E+09  1.022E+06  9.652E+05  1.576E+06  2.402E+06  1.716E+06
